Typed Link Prediction: Decoder Comparison - 2025-10-17 09:04:23
================================================================================

R-GIN + DistMult Training History
============================================================

Best Validation AUC: 0.9807
Total Epochs Trained: 74
Early Stopping Best Score: 0.9233 (Hits@10 at epoch 64)

------------------------------------------------------------------------------------------
Epoch    Train Loss     Val AUC      Val H@1      Val H@5      Val H@10    
------------------------------------------------------------------------------------------
1        0.3805         0.9592       0.4031       0.7155       0.8427      
2        0.2095         0.9666       0.4571       0.7560       0.8701      
3        0.1877         0.9715       0.4717       0.7684       0.8799      
4        0.1754         0.9716       0.4816       0.7771       0.8863      
5        0.1671         0.9737       0.4849       0.7823       0.8884      
6        0.1619         0.9741       0.4867       0.7845       0.8913      
7        0.1580         0.9758       0.4910       0.7892       0.8930      
8        0.1539         0.9748       0.4930       0.7898       0.8948      
9        0.1500         0.9759       0.5029       0.7966       0.8997      
10       0.1481         0.9759       0.5028       0.7987       0.9015      
11       0.1460         0.9747       0.5014       0.8022       0.9039      
12       0.1437         0.9765       0.5035       0.7975       0.9022      
13       0.1417         0.9767       0.5022       0.8043       0.9062      
14       0.1404         0.9771       0.5103       0.8073       0.9066      
15       0.1386         0.9768       0.5140       0.8078       0.9058      
16       0.1374         0.9779       0.5128       0.8100       0.9085      
17       0.1358         0.9784       0.5112       0.8089       0.9084      
18       0.1345         0.9772       0.5103       0.8097       0.9085      
19       0.1348         0.9773       0.5135       0.8121       0.9122      
20       0.1327         0.9774       0.5141       0.8116       0.9098      
21       0.1320         0.9790       0.5204       0.8139       0.9115      
22       0.1305         0.9787       0.5225       0.8153       0.9147      
23       0.1299         0.9794       0.5247       0.8163       0.9137      
24       0.1292         0.9792       0.5202       0.8199       0.9136      
25       0.1300         0.9782       0.5192       0.8190       0.9141      
26       0.1285         0.9789       0.5272       0.8220       0.9159      
27       0.1289         0.9800       0.5250       0.8176       0.9135      
28       0.1270         0.9779       0.5146       0.8169       0.9153      
29       0.1266         0.9776       0.5263       0.8179       0.9167      
30       0.1263         0.9796       0.5256       0.8204       0.9163      
31       0.1251         0.9791       0.5168       0.8209       0.9180      
32       0.1252         0.9792       0.5308       0.8222       0.9158      
33       0.1240         0.9785       0.5286       0.8222       0.9154      
34       0.1244         0.9790       0.5228       0.8218       0.9189      
35       0.1243         0.9787       0.5305       0.8242       0.9161      
36       0.1234         0.9781       0.5319       0.8206       0.9161      
37       0.1226         0.9790       0.5331       0.8256       0.9186      
38       0.1231         0.9773       0.5228       0.8214       0.9162      
39       0.1217         0.9772       0.5338       0.8248       0.9166      
40       0.1224         0.9785       0.5306       0.8219       0.9153      
41       0.1216         0.9795       0.5350       0.8261       0.9182      
42       0.1205         0.9793       0.5307       0.8273       0.9196      
43       0.1212         0.9788       0.5328       0.8284       0.9194      
44       0.1207         0.9790       0.5320       0.8246       0.9185      
45       0.1216         0.9802       0.5361       0.8257       0.9192      
46       0.1201         0.9793       0.5297       0.8279       0.9188      
47       0.1199         0.9779       0.5271       0.8234       0.9179      
48       0.1203         0.9796       0.5371       0.8255       0.9184      
49       0.1192         0.9788       0.5271       0.8244       0.9183      
50       0.1192         0.9802       0.5401       0.8273       0.9208      
51       0.1193         0.9788       0.5352       0.8268       0.9200      
52       0.1192         0.9801       0.5310       0.8277       0.9190      
53       0.1188         0.9799       0.5399       0.8307       0.9230      
54       0.1185         0.9799       0.5376       0.8301       0.9190      
55       0.1185         0.9796       0.5316       0.8277       0.9196      
56       0.1178         0.9797       0.5286       0.8280       0.9218      
57       0.1178         0.9790       0.5293       0.8297       0.9196      
58       0.1183         0.9800       0.5385       0.8308       0.9226      
59       0.1186         0.9800       0.5378       0.8296       0.9217      
60       0.1172         0.9788       0.5332       0.8278       0.9202      
61       0.1173         0.9795       0.5311       0.8279       0.9205      
62       0.1167         0.9799       0.5418       0.8308       0.9231      
63       0.1165         0.9789       0.5327       0.8299       0.9201      
64       0.1162         0.9801       0.5358       0.8311       0.9233      
65       0.1171         0.9776       0.5324       0.8289       0.9202      
66       0.1164         0.9786       0.5319       0.8259       0.9202      
67       0.1170         0.9804       0.5347       0.8310       0.9231      
68       0.1165         0.9802       0.5405       0.8315       0.9215      
69       0.1161         0.9799       0.5342       0.8305       0.9212      
70       0.1166         0.9800       0.5359       0.8306       0.9217      
71       0.1157         0.9799       0.5360       0.8311       0.9215      
72       0.1158         0.9795       0.5417       0.8302       0.9208      
73       0.1166         0.9807       0.5392       0.8308       0.9206      
74       0.1160         0.9800       0.5332       0.8297       0.9207      

R-GIN + DotProduct Training History
============================================================

Best Validation AUC: 0.8872
Total Epochs Trained: 56
Early Stopping Best Score: 0.7082 (Hits@10 at epoch 46)

------------------------------------------------------------------------------------------
Epoch    Train Loss     Val AUC      Val H@1      Val H@5      Val H@10    
------------------------------------------------------------------------------------------
1        0.5268         0.8638       0.2019       0.4597       0.6075      
2        0.4818         0.8694       0.2240       0.4932       0.6325      
3        0.4718         0.8803       0.2337       0.5076       0.6559      
4        0.4649         0.8848       0.2287       0.5155       0.6663      
5        0.4618         0.8852       0.2269       0.5188       0.6688      
6        0.4589         0.8836       0.2134       0.5058       0.6613      
7        0.4582         0.8832       0.2156       0.5163       0.6691      
8        0.4542         0.8760       0.2066       0.5119       0.6706      
9        0.4528         0.8843       0.2287       0.5231       0.6755      
10       0.4534         0.8797       0.2228       0.5282       0.6750      
11       0.4506         0.8837       0.2339       0.5330       0.6847      
12       0.4500         0.8825       0.2263       0.5268       0.6765      
13       0.4501         0.8816       0.2221       0.5246       0.6764      
14       0.4483         0.8872       0.2261       0.5384       0.6898      
15       0.4478         0.8826       0.2245       0.5285       0.6779      
16       0.4471         0.8801       0.2227       0.5305       0.6820      
17       0.4459         0.8870       0.2338       0.5443       0.6918      
18       0.4456         0.8799       0.2383       0.5499       0.6954      
19       0.4445         0.8824       0.2356       0.5449       0.6930      
20       0.4448         0.8855       0.2373       0.5507       0.6997      
21       0.4447         0.8799       0.2319       0.5461       0.6956      
22       0.4444         0.8834       0.2306       0.5470       0.6995      
23       0.4441         0.8797       0.2268       0.5491       0.6997      
24       0.4430         0.8764       0.2212       0.5412       0.6938      
25       0.4424         0.8824       0.2411       0.5528       0.6998      
26       0.4420         0.8787       0.2259       0.5473       0.7006      
27       0.4420         0.8806       0.2367       0.5538       0.7026      
28       0.4416         0.8755       0.2424       0.5564       0.7051      
29       0.4410         0.8803       0.2455       0.5550       0.6984      
30       0.4411         0.8774       0.2328       0.5450       0.6972      
31       0.4402         0.8802       0.2358       0.5504       0.7015      
32       0.4415         0.8797       0.2384       0.5503       0.7004      
33       0.4397         0.8796       0.2345       0.5563       0.7017      
34       0.4403         0.8717       0.2261       0.5478       0.6930      
35       0.4400         0.8830       0.2366       0.5591       0.7060      
36       0.4398         0.8736       0.2320       0.5498       0.6957      
37       0.4393         0.8817       0.2370       0.5534       0.7008      
38       0.4395         0.8734       0.2323       0.5455       0.6945      
39       0.4396         0.8820       0.2362       0.5579       0.7016      
40       0.4384         0.8740       0.2270       0.5477       0.6988      
41       0.4390         0.8710       0.2269       0.5457       0.6955      
42       0.4377         0.8784       0.2244       0.5535       0.7061      
43       0.4385         0.8816       0.2321       0.5552       0.7063      
44       0.4379         0.8726       0.2393       0.5546       0.6999      
45       0.4373         0.8742       0.2340       0.5543       0.7033      
46       0.4378         0.8787       0.2292       0.5601       0.7082      
47       0.4374         0.8811       0.2298       0.5537       0.7047      
48       0.4358         0.8700       0.2175       0.5442       0.6967      
49       0.4374         0.8731       0.2261       0.5536       0.6990      
50       0.4378         0.8682       0.2279       0.5547       0.7000      
51       0.4358         0.8777       0.2267       0.5564       0.7015      
52       0.4364         0.8791       0.2362       0.5597       0.7046      
53       0.4355         0.8750       0.2202       0.5471       0.7003      
54       0.4354         0.8757       0.2379       0.5604       0.7053      
55       0.4358         0.8775       0.2266       0.5535       0.7009      
56       0.4357         0.8733       0.2328       0.5562       0.7035      

Best Validation Metrics Summary
============================================================
R-GIN + DistMult: AUC=0.9801 | H@1=0.5358 | H@5=0.8311 | H@10=0.9233 (epoch 64)
R-GIN + DotProduct: AUC=0.8787 | H@1=0.2292 | H@5=0.5601 | H@10=0.7082 (epoch 46)
