Typed Link Prediction: Decoder Comparison - 2025-10-18 21:04:09
================================================================================

R-GIN + DistMult Training History
============================================================

Best Validation AUC: 0.8079
Total Epochs Trained: 38
Early Stopping Best Score: 0.5897 (Hits@10 at epoch 33)

------------------------------------------------------------------------------------------
Epoch    Train Loss     Val AUC      Val H@1      Val H@5      Val H@10    
------------------------------------------------------------------------------------------
1        0.6446         0.7239       0.0959       0.2217       0.3286      
2        0.5083         0.7462       0.0954       0.2368       0.3485      
3        0.4542         0.7503       0.1137       0.2648       0.3784      
4        0.4207         0.7918       0.1322       0.2943       0.4303      
5        0.3665         0.7920       0.1182       0.2970       0.4260      
6        0.3325         0.7805       0.1081       0.2886       0.4234      
7        0.3051         0.7696       0.1018       0.2907       0.4196      
8        0.2860         0.7813       0.1175       0.3052       0.4400      
9        0.2596         0.7843       0.1175       0.3238       0.4784      
10       0.2410         0.7830       0.1193       0.3331       0.4782      
11       0.2291         0.7850       0.1228       0.3334       0.4865      
12       0.2190         0.7679       0.1244       0.3339       0.4733      
13       0.2066         0.7710       0.1330       0.3518       0.4960      
14       0.2021         0.7687       0.1452       0.3713       0.5094      
15       0.1925         0.7686       0.1393       0.3589       0.4988      
16       0.1879         0.7758       0.1330       0.3532       0.4941      
17       0.1809         0.7695       0.1333       0.3593       0.4858      
18       0.1767         0.7748       0.1505       0.3802       0.5213      
19       0.1715         0.7710       0.1511       0.3881       0.5234      
20       0.1673         0.7730       0.1566       0.3950       0.5343      
21       0.1670         0.7771       0.1559       0.3825       0.5102      
22       0.1614         0.7710       0.1636       0.3949       0.5246      
23       0.1594         0.7552       0.1689       0.3912       0.5175      
24       0.1512         0.7651       0.1666       0.3922       0.5265      
25       0.1475         0.7717       0.1824       0.4232       0.5539      
26       0.1441         0.7648       0.1730       0.4207       0.5381      
27       0.1394         0.7848       0.1846       0.4313       0.5489      
28       0.1344         0.8006       0.2096       0.4572       0.5789      
29       0.1297         0.7778       0.1951       0.4319       0.5424      
30       0.1311         0.7940       0.2151       0.4527       0.5545      
31       0.1250         0.7962       0.2139       0.4568       0.5682      
32       0.1213         0.7813       0.2225       0.4646       0.5662      
33       0.1193         0.8011       0.2205       0.4781       0.5897      
34       0.1194         0.7911       0.2235       0.4667       0.5667      
35       0.1175         0.7996       0.2263       0.4730       0.5728      
36       0.1180         0.8005       0.2278       0.4652       0.5679      
37       0.1109         0.8061       0.2416       0.4799       0.5826      
38       0.1100         0.8079       0.2456       0.4908       0.5822      

R-GIN + DotProduct Training History
============================================================

Best Validation AUC: 0.7884
Total Epochs Trained: 46
Early Stopping Best Score: 0.5529 (Hits@10 at epoch 41)

------------------------------------------------------------------------------------------
Epoch    Train Loss     Val AUC      Val H@1      Val H@5      Val H@10    
------------------------------------------------------------------------------------------
1        0.6324         0.7003       0.0747       0.2053       0.3186      
2        0.5544         0.7394       0.0766       0.2179       0.3340      
3        0.5344         0.7435       0.0808       0.2304       0.3474      
4        0.5222         0.740 1       0.0852       0.2241       0.3433
5        0.5128         0.7348       0.0916       0.2342       0.3500      
6        0.5066         0.7196       0.0844       0.2312       0.3520      
7        0.5030         0.7058       0.0862       0.2340       0.3581      
8        0.4960         0.7313       0.0928       0.2525       0.3802      
9        0.4942         0.7373       0.0972       0.2558       0.3853      
10       0.4920         0.7617       0.0931       0.2573       0.3899      
11       0.4881         0.7333       0.0921       0.2546       0.3861      
12       0.4864         0.7411       0.1015       0.2708       0.3909      
13       0.4833         0.7476       0.1018       0.2690       0.3926      
14       0.4796         0.7564       0.1051       0.2666       0.3935      
15       0.4784         0.7569       0.0948       0.2576       0.3891      
16       0.4773         0.7485       0.0985       0.2610       0.3935      
17       0.4771         0.7674       0.1002       0.2729       0.4033      
18       0.4718         0.7635       0.1042       0.2807       0.4115      
19       0.4689         0.7629       0.1035       0.2854       0.4191      
20       0.4653         0.7670       0.1117       0.2945       0.4288      
21       0.4641         0.7721       0.1129       0.3090       0.4428      
22       0.4622         0.7529       0.1154       0.3141       0.4537      
23       0.4597         0.7657       0.1101       0.3059       0.4426      
24       0.4558         0.7564       0.1177       0.3177       0.4624      
25       0.4530         0.7757       0.1223       0.3261       0.4745      
26       0.4525         0.7798       0.1264       0.3345       0.4838      
27       0.4497         0.7786       0.1200       0.3293       0.4853      
28       0.4473         0.7706       0.1257       0.3347       0.4904      
29       0.4452         0.7852       0.1215       0.3375       0.4967      
30       0.4439         0.7763       0.1239       0.3479       0.5007      
31       0.4421         0.7883       0.1216       0.3410       0.5021      
32       0.4388         0.7814       0.1213       0.3533       0.5043      
33       0.4407         0.7613       0.1220       0.3416       0.4970      
34       0.4380         0.7714       0.1264       0.3555       0.5171      
35       0.4381         0.7824       0.1356       0.3561       0.5127      
36       0.4350         0.7637       0.1295       0.3578       0.5137      
37       0.4355         0.7785       0.1360       0.3690       0.5358      
38       0.4339         0.7778       0.1404       0.3748       0.5400      
39       0.4325         0.7731       0.1348       0.3720       0.5325      
40       0.4310         0.7794       0.1402       0.3820       0.5445      
41       0.4328         0.7884       0.1439       0.3866       0.5529      
42       0.4317         0.7842       0.1442       0.3917       0.5541      
43       0.4313         0.7867       0.1416       0.3879       0.5511      
44       0.4285         0.7675       0.1551       0.4015       0.5531      
45       0.4271         0.7754       0.1450       0.3990       0.5603      
46       0.4278         0.7837       0.1529       0.3930       0.5516      

Best Validation Metrics Summary
============================================================
R-GIN + DistMult: AUC=0.8011 | H@1=0.2205 | H@5=0.4781 | H@10=0.5897 (epoch 33)
R-GIN + DotProduct: AUC=0.7884 | H@1=0.1439 | H@5=0.3866 | H@10=0.5529 (epoch 41)
