Typed Link Prediction: Decoder Comparison - 2025-10-19 00:11:50
================================================================================

R-GIN + DistMult Training History
============================================================

Best Validation AUC: 0.7254
Total Epochs Trained: 447
Early Stopping Best Score: 0.4753 (Hits@10 at epoch 367)

------------------------------------------------------------------------------------------
Epoch    Train Loss     Val AUC      Val H@1      Val H@5      Val H@10    
------------------------------------------------------------------------------------------
1        0.6931         0.5954       0.0901       0.1945       0.2609      
2        0.6931         0.5901       0.1044       0.1926       0.2676      
3        0.6926         0.5903       0.0987       0.1973       0.2723      
4        0.6892         0.5891       0.0901       0.2021       0.2676      
5        0.6821         0.5917       0.0892       0.1992       0.2694      
6        0.6782         0.5842       0.0778       0.1841       0.2609      
7        0.6704         0.5660       0.0512       0.1195       0.1983      
8        0.6663         0.5826       0.0655       0.1271       0.1973      
9        0.6571         0.5691       0.0247       0.0683       0.1480      
10       0.6395         0.5819       0.0512       0.1271       0.1917      
11       0.6443         0.5621       0.0607       0.1262       0.1898      
12       0.6300         0.5699       0.0417       0.1224       0.1907      
13       0.6297         0.5924       0.0664       0.1546       0.2068      
14       0.6208         0.5789       0.0560       0.1499       0.2021      
15       0.6194         0.5795       0.0664       0.1584       0.2296      
16       0.6105         0.5895       0.0721       0.1584       0.2249      
17       0.6046         0.5861       0.0664       0.1670       0.2296      
18       0.6043         0.6003       0.0721       0.1490       0.2211      
19       0.5915         0.6104       0.0702       0.1518       0.2154      
20       0.5899         0.6057       0.0512       0.1461       0.2144      
21       0.5742         0.6093       0.0465       0.1385       0.2144      
22       0.5734         0.6241       0.0588       0.1499       0.2201      
23       0.5620         0.6247       0.0579       0.1670       0.2343      
24       0.5581         0.6324       0.0674       0.1613       0.2277      
25       0.5490         0.6436       0.0636       0.1632       0.2438      
26       0.5419         0.6371       0.0683       0.1622       0.2543      
27       0.5487         0.6491       0.0797       0.1765       0.2600      
28       0.5554         0.6483       0.0816       0.1850       0.2694      
29       0.5467         0.6566       0.0693       0.1860       0.2723      
30       0.5351         0.6541       0.0693       0.1784       0.2827      
31       0.5390         0.6580       0.0778       0.1907       0.2846      
32       0.5415         0.6597       0.0626       0.1774       0.2808      
33       0.5303         0.6528       0.0721       0.1755       0.2827      
34       0.5224         0.6579       0.0683       0.1755       0.2713      
35       0.5228         0.6756       0.0598       0.1803       0.2761      
36       0.5082         0.6550       0.0740       0.1698       0.2666      
37       0.5168         0.6792       0.0655       0.1888       0.2704      
38       0.5118         0.6578       0.0607       0.1727       0.2761      
39       0.4976         0.6631       0.0721       0.1935       0.2922      
40       0.5122         0.6522       0.0655       0.1774       0.2780      
41       0.5097         0.6607       0.0579       0.1841       0.2742      
42       0.4981         0.6743       0.0712       0.1945       0.2913      
43       0.4880         0.6683       0.0854       0.1992       0.3008      
44       0.4845         0.6748       0.0816       0.2059       0.3008      
45       0.4729         0.6480       0.0655       0.1926       0.2932      
46       0.4797         0.6721       0.0550       0.1831       0.2761      
47       0.4689         0.6675       0.0645       0.1992       0.2913      
48       0.4645         0.6686       0.0645       0.1774       0.2770      
49       0.4547         0.6490       0.0522       0.1765       0.2676      
50       0.4394         0.6598       0.0626       0.1727       0.2476      
51       0.4403         0.6411       0.0503       0.1509       0.2457      
52       0.4446         0.6574       0.0484       0.1499       0.2457      
53       0.4262         0.6465       0.0693       0.1679       0.2552      
54       0.4413         0.6408       0.0598       0.1603       0.2419      
55       0.4405         0.6698       0.0531       0.1584       0.2476      
56       0.4339         0.6682       0.0446       0.1698       0.2581      
57       0.4159         0.6663       0.0550       0.1556       0.2628      
58       0.4211         0.6544       0.0531       0.1452       0.2505      
59       0.4140         0.6611       0.0550       0.1594       0.2571      
60       0.4123         0.6644       0.0446       0.1433       0.2372      
61       0.4035         0.6494       0.0493       0.1565       0.2571      
62       0.4006         0.6546       0.0541       0.1670       0.2505      
63       0.4031         0.6608       0.0617       0.1812       0.2704      
64       0.3921         0.6585       0.0598       0.1765       0.2666      
65       0.3910         0.6652       0.0693       0.1822       0.2998      
66       0.3889         0.6680       0.0588       0.1774       0.2951      
67       0.3765         0.6736       0.0598       0.1812       0.3102      
68       0.3818         0.6667       0.0674       0.1898       0.2970      
69       0.3933         0.6835       0.0664       0.1945       0.3112      
70       0.3778         0.6757       0.0550       0.2040       0.3245      
71       0.3816         0.6773       0.0541       0.1812       0.3027      
72       0.3659         0.6746       0.0769       0.2040       0.3159      
73       0.3967         0.6726       0.0664       0.2011       0.3169      
74       0.3740         0.6806       0.0512       0.1850       0.2932      
75       0.3616         0.6853       0.0683       0.1935       0.3226      
76       0.3692         0.6816       0.0560       0.2011       0.3197      
77       0.3684         0.6829       0.0712       0.2097       0.3245      
78       0.3615         0.6739       0.0712       0.1992       0.3330      
79       0.3627         0.6804       0.0522       0.1954       0.3216      
80       0.3553         0.6757       0.0636       0.2049       0.3235      
81       0.3554         0.6784       0.0588       0.1954       0.3121      
82       0.3505         0.6686       0.0588       0.1935       0.3065      
83       0.3517         0.6806       0.0617       0.1841       0.3169      
84       0.3452         0.6814       0.0683       0.2125       0.3235      
85       0.3558         0.6766       0.0617       0.2011       0.3140      
86       0.3462         0.6754       0.0731       0.2097       0.3112      
87       0.3437         0.6795       0.0484       0.1803       0.3311      
88       0.3320         0.6667       0.0617       0.1992       0.3112      
89       0.3490         0.6799       0.0579       0.2068       0.3216      
90       0.3416         0.6748       0.0541       0.2030       0.3216      
91       0.3390         0.6763       0.0569       0.2049       0.3349      
92       0.3404         0.6751       0.0778       0.2116       0.3368      
93       0.3299         0.6737       0.0693       0.2049       0.3245      
94       0.3325         0.6829       0.0588       0.1784       0.3169      
95       0.3349         0.6861       0.0740       0.1992       0.3226      
96       0.3264         0.6837       0.0731       0.2163       0.3292      
97       0.3270         0.6828       0.0674       0.2154       0.3330      
98       0.3141         0.6728       0.0683       0.2068       0.3216      
99       0.3175         0.6965       0.0598       0.2068       0.3292      
100      0.3142         0.6773       0.0759       0.2182       0.3302      
101      0.3183         0.6748       0.0740       0.2173       0.3330      
102      0.3159         0.6838       0.0541       0.2097       0.3397      
103      0.3288         0.6980       0.0645       0.2381       0.3577      
104      0.3180         0.6858       0.0731       0.2125       0.3311      
105      0.3169         0.6908       0.0617       0.2049       0.3387      
106      0.3105         0.6931       0.0787       0.2277       0.3482      
107      0.3191         0.6899       0.0797       0.2315       0.3529      
108      0.3228         0.6843       0.0911       0.2230       0.3681      
109      0.3102         0.6933       0.0550       0.2116       0.3454      
110      0.3059         0.6835       0.1044       0.2400       0.3824      
111      0.3117         0.6839       0.0778       0.2353       0.3634      
112      0.3024         0.6856       0.0693       0.2353       0.3681      
113      0.3039         0.6772       0.0512       0.1954       0.3435      
114      0.2933         0.6828       0.0806       0.2419       0.3558      
115      0.3119         0.6851       0.0550       0.2201       0.3577      
116      0.3082         0.6873       0.0588       0.2059       0.3416      
117      0.3201         0.6795       0.0731       0.2315       0.3653      
118      0.3100         0.6887       0.0759       0.2334       0.3472      
119      0.3000         0.6793       0.0740       0.2467       0.3691      
120      0.3019         0.6896       0.0655       0.2211       0.3605      
121      0.3012         0.6929       0.0797       0.2400       0.3719      
122      0.2920         0.6918       0.0664       0.2125       0.3596      
123      0.2919         0.6791       0.0655       0.2296       0.3757      
124      0.2911         0.6923       0.0825       0.2448       0.3814      
125      0.2909         0.6940       0.0693       0.2324       0.3719      
126      0.2840         0.6769       0.0598       0.2277       0.3634      
127      0.2858         0.6873       0.0588       0.2287       0.3738      
128      0.3081         0.6897       0.0664       0.2400       0.3710      
129      0.2829         0.7005       0.0759       0.2381       0.3871      
130      0.2927         0.6738       0.0626       0.2239       0.3510      
131      0.2860         0.6977       0.0731       0.2419       0.3861      
132      0.2784         0.6982       0.0835       0.2476       0.3890      
133      0.2834         0.6898       0.0721       0.2391       0.3966      
134      0.2799         0.6893       0.0825       0.2400       0.3805      
135      0.2873         0.6957       0.0750       0.2400       0.3729      
136      0.2876         0.6861       0.0769       0.2429       0.3719      
137      0.2975         0.6988       0.0740       0.2552       0.3909      
138      0.2804         0.7039       0.0740       0.2287       0.3738      
139      0.2791         0.6955       0.0721       0.2467       0.3833      
140      0.2939         0.6913       0.0617       0.2220       0.3767      
141      0.2869         0.7023       0.0892       0.2467       0.3871      
142      0.2825         0.7037       0.0854       0.2268       0.3786      
143      0.2827         0.7040       0.0712       0.2457       0.3795      
144      0.2652         0.7029       0.0769       0.2315       0.3748      
145      0.2779         0.6968       0.0769       0.2476       0.3918      
146      0.2788         0.6969       0.0911       0.2581       0.3947      
147      0.2796         0.7098       0.0759       0.2448       0.3814      
148      0.2825         0.7054       0.0939       0.2505       0.3918      
149      0.2755         0.6979       0.0863       0.2448       0.3757      
150      0.2706         0.7071       0.0712       0.2438       0.3738      
151      0.2778         0.6925       0.0636       0.2296       0.3890      
152      0.2666         0.7008       0.0806       0.2457       0.3843      
153      0.2672         0.6950       0.0816       0.2400       0.3776      
154      0.2750         0.6976       0.0778       0.2362       0.3767      
155      0.2696         0.6924       0.0797       0.2647       0.3947      
156      0.2757         0.7055       0.0797       0.2751       0.4156      
157      0.2609         0.6989       0.0825       0.2600       0.3899      
158      0.2596         0.7018       0.0731       0.2619       0.4032      
159      0.2726         0.7021       0.0683       0.2268       0.3843      
160      0.2766         0.7156       0.0787       0.2619       0.3975      
161      0.2742         0.7074       0.0731       0.2429       0.3833      
162      0.2588         0.7101       0.0835       0.2609       0.4089      
163      0.2662         0.6986       0.1053       0.2685       0.4023      
164      0.2707         0.7100       0.0693       0.2362       0.3805      
165      0.2630         0.6952       0.0693       0.2410       0.3890      
166      0.2687         0.6984       0.0759       0.2723       0.4156      
167      0.2657         0.7041       0.0769       0.2647       0.4080      
168      0.2467         0.6995       0.0816       0.2571       0.4032      
169      0.2529         0.6972       0.0712       0.2562       0.3909      
170      0.2671         0.6967       0.0882       0.2723       0.4080      
171      0.2597         0.7062       0.0769       0.2391       0.4061      
172      0.2598         0.6983       0.0873       0.2543       0.4089      
173      0.2630         0.7085       0.0901       0.2609       0.4070      
174      0.2533         0.7023       0.0731       0.2676       0.4127      
175      0.2599         0.7006       0.0759       0.2505       0.3985      
176      0.2575         0.6927       0.0617       0.2467       0.4051      
177      0.2554         0.7033       0.0740       0.2524       0.4089      
178      0.2620         0.7079       0.0901       0.2647       0.4089      
179      0.2543         0.7081       0.0882       0.2571       0.4175      
180      0.2500         0.7053       0.0769       0.2713       0.4137      
181      0.2479         0.7205       0.0873       0.2770       0.4317      
182      0.2566         0.7199       0.0825       0.2638       0.4213      
183      0.2603         0.7124       0.0702       0.2571       0.4137      
184      0.2472         0.7254       0.0873       0.2827       0.4260      
185      0.2577         0.6955       0.0674       0.2685       0.4108      
186      0.2496         0.7150       0.1006       0.2751       0.4080      
187      0.2533         0.7006       0.0835       0.2742       0.4250      
188      0.2415         0.7059       0.0901       0.2742       0.4241      
189      0.2356         0.7052       0.0787       0.2856       0.4231      
190      0.2497         0.7061       0.0750       0.2723       0.4184      
191      0.2571         0.7109       0.0683       0.2827       0.4250      
192      0.2504         0.7098       0.0769       0.2875       0.4213      
193      0.2561         0.7130       0.0968       0.2808       0.4203      
194      0.2479         0.7029       0.0750       0.2666       0.3918      
195      0.2500         0.7166       0.0816       0.2941       0.4194      
196      0.2355         0.7008       0.0769       0.2875       0.4269      
197      0.2434         0.7151       0.0939       0.3112       0.4288      
198      0.2421         0.7100       0.0844       0.2894       0.4241      
199      0.2390         0.7071       0.0806       0.2970       0.4298      
200      0.2526         0.7119       0.0721       0.2865       0.4222      
201      0.2308         0.7047       0.0863       0.2846       0.4336      
202      0.2468         0.7077       0.0636       0.2837       0.4080      
203      0.2375         0.7030       0.0816       0.2894       0.4241      
204      0.2409         0.7121       0.0816       0.2770       0.4156      
205      0.2465         0.7039       0.0806       0.2638       0.4061      
206      0.2390         0.7115       0.0882       0.2808       0.4269      
207      0.2456         0.6963       0.0683       0.2628       0.4127      
208      0.2455         0.7008       0.0873       0.2713       0.4317      
209      0.2385         0.7183       0.0930       0.2922       0.4355      
210      0.2333         0.6996       0.0863       0.2856       0.4250      
211      0.2372         0.7115       0.0778       0.2837       0.4307      
212      0.2401         0.7074       0.0797       0.2903       0.4326      
213      0.2370         0.7196       0.0740       0.2903       0.4364      
214      0.2396         0.7062       0.0958       0.2827       0.4269      
215      0.2351         0.6996       0.0797       0.2856       0.4279      
216      0.2443         0.7230       0.0939       0.2932       0.4393      
217      0.2417         0.7052       0.0911       0.2903       0.4307      
218      0.2381         0.7137       0.1091       0.2884       0.4326      
219      0.2339         0.7136       0.1006       0.3055       0.4412      
220      0.2278         0.7050       0.0787       0.2894       0.4364      
221      0.2369         0.7119       0.0892       0.2875       0.4507      
222      0.2220         0.7121       0.0769       0.2998       0.4355      
223      0.2237         0.7124       0.0958       0.2960       0.4288      
224      0.2241         0.7043       0.0750       0.2989       0.4421      
225      0.2223         0.7174       0.0854       0.2932       0.4355      
226      0.2234         0.7093       0.0769       0.3046       0.4469      
227      0.2248         0.7213       0.0806       0.2913       0.4402      
228      0.2174         0.7089       0.0854       0.2789       0.4459      
229      0.2144         0.7112       0.0797       0.2780       0.4374      
230      0.2219         0.6934       0.0816       0.2818       0.4431      
231      0.2165         0.7106       0.0759       0.2875       0.4478      
232      0.2149         0.6909       0.0750       0.2694       0.4279      
233      0.2110         0.7234       0.0787       0.2989       0.4554      
234      0.2136         0.7227       0.0844       0.2827       0.4317      
235      0.2216         0.6953       0.0901       0.2827       0.4213      
236      0.2275         0.7034       0.0901       0.2865       0.4459      
237      0.2144         0.7208       0.0835       0.2827       0.4402      
238      0.2234         0.7044       0.0873       0.2676       0.4250      
239      0.2126         0.6972       0.1006       0.2875       0.4250      
240      0.2113         0.7075       0.0740       0.2960       0.4469      
241      0.2171         0.7066       0.0882       0.2837       0.4402      
242      0.2183         0.7052       0.0844       0.2951       0.4535      
243      0.2121         0.7152       0.0920       0.2932       0.4450      
244      0.2183         0.7032       0.0892       0.2780       0.4478      
245      0.2173         0.7030       0.0825       0.3074       0.4374      
246      0.2113         0.6993       0.0806       0.2894       0.4459      
247      0.2150         0.6948       0.0778       0.2960       0.4317      
248      0.2185         0.7240       0.1034       0.3027       0.4412      
249      0.2167         0.7011       0.0844       0.2989       0.4497      
250      0.2077         0.7078       0.1006       0.3046       0.4469      
251      0.2152         0.7013       0.0778       0.2913       0.4535      
252      0.2124         0.7102       0.0892       0.2979       0.4383      
253      0.2134         0.7090       0.0806       0.2941       0.4336      
254      0.2138         0.6992       0.0683       0.3046       0.4478      
255      0.2054         0.7120       0.1006       0.3065       0.4592      
256      0.2098         0.7076       0.0797       0.2989       0.4564      
257      0.2186         0.7004       0.1015       0.2922       0.4488      
258      0.2215         0.7113       0.0977       0.2979       0.4497      
259      0.2137         0.7109       0.0911       0.3074       0.4602      
260      0.2255         0.7129       0.0769       0.2837       0.4507      
261      0.2157         0.7104       0.0863       0.2808       0.4497      
262      0.2274         0.7212       0.0731       0.2960       0.4592      
263      0.2171         0.7174       0.0636       0.2808       0.4526      
264      0.2170         0.7050       0.0721       0.2770       0.4469      
265      0.2176         0.7123       0.0693       0.2903       0.4402      
266      0.2172         0.7146       0.0825       0.2922       0.4345      
267      0.2035         0.7181       0.0816       0.3036       0.4535      
268      0.1997         0.7049       0.0797       0.2951       0.4393      
269      0.2105         0.7012       0.0863       0.2818       0.4421      
270      0.2190         0.7158       0.0901       0.2894       0.4440      
271      0.2159         0.7173       0.0873       0.3055       0.4592      
272      0.2103         0.7048       0.0873       0.2913       0.4630      
273      0.2136         0.7178       0.0968       0.3102       0.4611      
274      0.2024         0.6995       0.0721       0.2913       0.4440      
275      0.2210         0.7150       0.0873       0.2951       0.4469      
276      0.2063         0.6994       0.0844       0.2979       0.4317      
277      0.2080         0.7067       0.0797       0.2932       0.4412      
278      0.1990         0.7165       0.1006       0.3150       0.4364      
279      0.1990         0.7049       0.0750       0.2922       0.4393      
280      0.2135         0.7140       0.0892       0.2998       0.4497      
281      0.2001         0.7097       0.0939       0.2989       0.4611      
282      0.1998         0.7146       0.0958       0.3046       0.4526      
283      0.1998         0.6999       0.0797       0.2941       0.4298      
284      0.2046         0.7129       0.0892       0.3178       0.4649      
285      0.1947         0.6912       0.0797       0.2970       0.4412      
286      0.2106         0.7162       0.0901       0.3150       0.4639      
287      0.2089         0.7002       0.0882       0.2875       0.4288      
288      0.1955         0.7110       0.1120       0.3235       0.4478      
289      0.2016         0.7116       0.0968       0.3074       0.4554      
290      0.1990         0.7163       0.0930       0.3008       0.4412      
291      0.2045         0.7053       0.0816       0.3178       0.4573      
292      0.1961         0.6998       0.0835       0.2865       0.4402      
293      0.1999         0.6955       0.1015       0.3169       0.4573      
294      0.1903         0.7134       0.0901       0.3027       0.4497      
295      0.2104         0.7090       0.0901       0.3102       0.4450      
296      0.1960         0.7100       0.0949       0.2989       0.4554      
297      0.2081         0.6986       0.0844       0.3027       0.4355      
298      0.1939         0.7133       0.1120       0.3178       0.4526      
299      0.2005         0.7186       0.0769       0.2799       0.4383      
300      0.1911         0.7117       0.1015       0.2922       0.4431      
301      0.1918         0.7113       0.0740       0.2960       0.4526      
302      0.2018         0.7243       0.0977       0.3207       0.4677      
303      0.2099         0.7010       0.0949       0.3046       0.4478      
304      0.1999         0.7117       0.0911       0.3121       0.4564      
305      0.1888         0.6976       0.0806       0.3017       0.4450      
306      0.2043         0.7068       0.1120       0.3178       0.4620      
307      0.1978         0.7121       0.0958       0.3112       0.4545      
308      0.1984         0.7080       0.0949       0.3197       0.4497      
309      0.2007         0.7022       0.0977       0.3055       0.4573      
310      0.1922         0.7059       0.0977       0.3112       0.4431      
311      0.1959         0.6936       0.0911       0.3027       0.4345      
312      0.1897         0.7062       0.0873       0.2932       0.4402      
313      0.1986         0.7097       0.0863       0.3121       0.4421      
314      0.1917         0.7225       0.0996       0.3055       0.4526      
315      0.1911         0.6937       0.1034       0.3008       0.4440      
316      0.1760         0.6952       0.0930       0.3055       0.4554      
317      0.1853         0.6979       0.0892       0.2970       0.4374      
318      0.1845         0.7047       0.0844       0.3027       0.4573      
319      0.1907         0.6913       0.0892       0.3036       0.4507      
320      0.1931         0.7151       0.0750       0.3093       0.4431      
321      0.1961         0.7058       0.0873       0.2960       0.4402      
322      0.1913         0.7009       0.0759       0.2894       0.4374      
323      0.1996         0.6948       0.0911       0.3046       0.4440      
324      0.2008         0.7063       0.0825       0.2989       0.4431      
325      0.1880         0.7096       0.0939       0.3065       0.4402      
326      0.1957         0.7082       0.0854       0.3121       0.4412      
327      0.1760         0.6994       0.0787       0.2808       0.4269      
328      0.1793         0.7107       0.0882       0.2970       0.4421      
329      0.1840         0.6948       0.0949       0.3055       0.4355      
330      0.1861         0.6932       0.0816       0.2951       0.4469      
331      0.1895         0.6994       0.0930       0.2913       0.4231      
332      0.1817         0.6991       0.0854       0.3065       0.4345      
333      0.1913         0.7057       0.0854       0.2970       0.4450      
334      0.1804         0.7067       0.0835       0.2932       0.4431      
335      0.1763         0.7015       0.0968       0.2960       0.4450      
336      0.1898         0.7137       0.0968       0.2941       0.4592      
337      0.1938         0.7000       0.0854       0.3197       0.4478      
338      0.1810         0.7087       0.0977       0.3159       0.4478      
339      0.1779         0.7050       0.0863       0.3017       0.4383      
340      0.1781         0.7003       0.0787       0.3046       0.4478      
341      0.1975         0.7062       0.0873       0.3169       0.4383      
342      0.1792         0.6921       0.0797       0.3017       0.4231      
343      0.1757         0.7005       0.1015       0.2951       0.4478      
344      0.1859         0.6903       0.0920       0.3065       0.4393      
345      0.1859         0.7003       0.0892       0.3083       0.4412      
346      0.1822         0.7046       0.0930       0.3036       0.4440      
347      0.1823         0.7083       0.1015       0.2922       0.4469      
348      0.1831         0.7069       0.0797       0.3008       0.4488      
349      0.1833         0.6929       0.0930       0.2989       0.4431      
350      0.1865         0.7064       0.0958       0.3055       0.4526      
351      0.1778         0.6901       0.0987       0.3121       0.4260      
352      0.1830         0.6918       0.0863       0.2894       0.4345      
353      0.1851         0.6971       0.0930       0.2875       0.4307      
354      0.1919         0.6926       0.0882       0.3046       0.4507      
355      0.1909         0.6966       0.0759       0.2865       0.4269      
356      0.1840         0.7116       0.0911       0.3055       0.4564      
357      0.1874         0.6861       0.0816       0.2913       0.4402      
358      0.1855         0.6959       0.0920       0.3065       0.4374      
359      0.1864         0.7020       0.0825       0.3083       0.4402      
360      0.1847         0.7055       0.0759       0.3178       0.4450      
361      0.1906         0.6975       0.0787       0.2970       0.4431      
362      0.1908         0.7017       0.0968       0.3008       0.4393      
363      0.1738         0.7065       0.0911       0.3112       0.4592      
364      0.1768         0.7048       0.0901       0.3131       0.4573      
365      0.1799         0.6910       0.0863       0.3074       0.4649      
366      0.1882         0.6943       0.0949       0.3083       0.4564      
367      0.1783         0.7122       0.0977       0.3235       0.4753      
368      0.1796         0.7043       0.0987       0.3046       0.4421      
369      0.1831         0.6926       0.0911       0.3055       0.4497      
370      0.1837         0.7037       0.1044       0.3207       0.4564      
371      0.1737         0.6853       0.0863       0.2856       0.4108      
372      0.1797         0.6971       0.0901       0.3046       0.4469      
373      0.1779         0.6796       0.0892       0.3017       0.4374      
374      0.1740         0.7062       0.0977       0.3027       0.4507      
375      0.1713         0.6897       0.0759       0.2903       0.4402      
376      0.1727         0.6923       0.0911       0.3140       0.4611      
377      0.1616         0.6920       0.0911       0.2998       0.4421      
378      0.1883         0.6852       0.0920       0.3112       0.4478      
379      0.1763         0.7063       0.0920       0.3074       0.4573      
380      0.1678         0.6999       0.0806       0.3065       0.4440      
381      0.1693         0.7083       0.0892       0.3235       0.4573      
382      0.1778         0.7095       0.0930       0.3235       0.4450      
383      0.1652         0.6985       0.1034       0.3159       0.4478      
384      0.1680         0.6996       0.0863       0.3065       0.4307      
385      0.1705         0.6890       0.0854       0.3074       0.4393      
386      0.1625         0.6963       0.0740       0.3121       0.4573      
387      0.1641         0.7009       0.0930       0.3093       0.4440      
388      0.1718         0.7074       0.1063       0.3159       0.4516      
389      0.1715         0.6951       0.0930       0.3112       0.4535      
390      0.1551         0.6980       0.0996       0.3387       0.4516      
391      0.1623         0.6951       0.0949       0.3131       0.4488      
392      0.1816         0.7006       0.1053       0.3140       0.4592      
393      0.1761         0.6972       0.1006       0.3188       0.4374      
394      0.1680         0.6929       0.0996       0.2865       0.4326      
395      0.1800         0.6865       0.1025       0.3074       0.4478      
396      0.1759         0.6961       0.1015       0.3159       0.4450      
397      0.1869         0.6964       0.0911       0.3074       0.4516      
398      0.1765         0.6798       0.1167       0.3083       0.4298      
399      0.1693         0.7068       0.1072       0.3292       0.4507      
400      0.1746         0.6994       0.0911       0.3245       0.4421      
401      0.1678         0.6969       0.0892       0.3254       0.4450      
402      0.1721         0.7058       0.0882       0.3245       0.4497      
403      0.1788         0.6977       0.0901       0.2970       0.4402      
404      0.1651         0.6969       0.1044       0.3121       0.4440      
405      0.1691         0.6796       0.0920       0.3083       0.4440      
406      0.1679         0.6872       0.0911       0.3083       0.4364      
407      0.1689         0.6975       0.0977       0.3036       0.4222      
408      0.1716         0.7037       0.0844       0.2970       0.4459      
409      0.1748         0.7026       0.0892       0.3074       0.4488      
410      0.1654         0.6814       0.0930       0.3102       0.4383      
411      0.1744         0.6876       0.0968       0.3131       0.4383      
412      0.1764         0.6948       0.0863       0.3074       0.4440      
413      0.1726         0.6980       0.0996       0.3046       0.4279      
414      0.1694         0.6894       0.0873       0.2960       0.4279      
415      0.1838         0.7037       0.1025       0.3169       0.4326      
416      0.1760         0.6899       0.0977       0.3074       0.4374      
417      0.1668         0.6989       0.1006       0.3083       0.4336      
418      0.1674         0.6858       0.0892       0.3036       0.4213      
419      0.1592         0.6949       0.1025       0.3140       0.4469      
420      0.1620         0.6959       0.1006       0.2932       0.4288      
421      0.1663         0.6974       0.0863       0.3292       0.4554      
422      0.1634         0.6771       0.0873       0.2846       0.4288      
423      0.1663         0.6958       0.1053       0.3273       0.4402      
424      0.1635         0.6887       0.0863       0.3140       0.4383      
425      0.1696         0.7008       0.0930       0.3197       0.4526      
426      0.1751         0.7049       0.0901       0.3140       0.4535      
427      0.1760         0.6934       0.0968       0.3150       0.4459      
428      0.1814         0.6995       0.0835       0.2970       0.4421      
429      0.1712         0.6909       0.0958       0.3008       0.4383      
430      0.1696         0.6907       0.0863       0.3065       0.4298      
431      0.1644         0.6900       0.1006       0.2979       0.4421      
432      0.1538         0.6989       0.1015       0.3216       0.4564      
433      0.1662         0.6848       0.0987       0.3065       0.4269      
434      0.1609         0.7034       0.1082       0.3121       0.4364      
435      0.1643         0.6841       0.1139       0.3083       0.4554      
436      0.1565         0.6956       0.0987       0.3121       0.4469      
437      0.1723         0.6973       0.1120       0.3131       0.4431      
438      0.1598         0.7149       0.1110       0.3254       0.4715      
439      0.1626         0.6954       0.1034       0.3178       0.4478      
440      0.1645         0.6909       0.1025       0.3159       0.4440      
441      0.1626         0.6844       0.1053       0.3207       0.4507      
442      0.1467         0.6857       0.1025       0.3178       0.4421      
443      0.1670         0.6899       0.1034       0.3330       0.4478      
444      0.1659         0.6794       0.1129       0.3330       0.4639      
445      0.1640         0.6829       0.1063       0.3121       0.4364      
446      0.1598         0.6873       0.1157       0.3055       0.4459      
447      0.1532         0.6818       0.0968       0.3027       0.4298      

R-GIN + DotProduct Training History
============================================================

Best Validation AUC: 0.7557
Total Epochs Trained: 100
Early Stopping Best Score: 0.3748 (Hits@10 at epoch 99)

------------------------------------------------------------------------------------------
Epoch    Train Loss     Val AUC      Val H@1      Val H@5      Val H@10    
------------------------------------------------------------------------------------------
1        0.6948         0.5902       0.0920       0.1964       0.2732      
2        0.6914         0.5899       0.1006       0.1945       0.2742      
3        0.6840         0.5538       0.0740       0.1727       0.2562      
4        0.6668         0.5316       0.0626       0.1281       0.1850      
5        0.6449         0.5800       0.0361       0.0968       0.1556      
6        0.6450         0.5701       0.0626       0.1452       0.2068      
7        0.6466         0.5765       0.0712       0.1594       0.2068      
8        0.6443         0.5766       0.0607       0.1528       0.2097      
9        0.6404         0.5807       0.0436       0.1423       0.2078      
10       0.6364         0.5741       0.0550       0.1433       0.2078      
11       0.6274         0.5722       0.0493       0.1509       0.2192      
12       0.6206         0.5700       0.0484       0.1461       0.2097      
13       0.6142         0.5884       0.0645       0.1755       0.2505      
14       0.6066         0.6008       0.0550       0.1528       0.2391      
15       0.5956         0.6156       0.0731       0.1651       0.2476      
16       0.5885         0.6094       0.0712       0.1793       0.2448      
17       0.5864         0.6177       0.0674       0.1622       0.2438      
18       0.5782         0.6352       0.0598       0.1641       0.2524      
19       0.5778         0.6276       0.0446       0.1603       0.2419      
20       0.5695         0.6422       0.0579       0.1774       0.2581      
21       0.5786         0.6487       0.0474       0.1452       0.2391      
22       0.5664         0.6533       0.0588       0.1793       0.2666      
23       0.5703         0.6526       0.0674       0.1812       0.2751      
24       0.5679         0.6477       0.0626       0.1736       0.2657      
25       0.5580         0.6589       0.0683       0.1660       0.2770      
26       0.5540         0.6535       0.0636       0.1708       0.2865      
27       0.5512         0.6455       0.0674       0.1898       0.2799      
28       0.5537         0.6609       0.0693       0.1945       0.2884      
29       0.5467         0.6732       0.0607       0.1869       0.2837      
30       0.5643         0.6457       0.0531       0.1869       0.2818      
31       0.5526         0.6486       0.0617       0.1860       0.2998      
32       0.5516         0.6421       0.0655       0.1860       0.2808      
33       0.5494         0.6551       0.0617       0.1888       0.2913      
34       0.5427         0.6710       0.0560       0.1822       0.2875      
35       0.5452         0.6631       0.0522       0.1803       0.2884      
36       0.5340         0.6618       0.0588       0.1926       0.2979      
37       0.5290         0.6753       0.0712       0.1898       0.2808      
38       0.5384         0.6735       0.0531       0.1935       0.2941      
39       0.5375         0.6781       0.0683       0.1945       0.3008      
40       0.5339         0.6742       0.0626       0.1888       0.2998      
41       0.5356         0.6775       0.0636       0.2059       0.3083      
42       0.5265         0.6806       0.0683       0.1888       0.3065      
43       0.5293         0.6728       0.0721       0.2030       0.3055      
44       0.5244         0.6900       0.0731       0.2135       0.3121      
45       0.5337         0.6843       0.0702       0.1907       0.3140      
46       0.5241         0.6983       0.0854       0.2040       0.2951      
47       0.5304         0.6855       0.0674       0.1945       0.3027      
48       0.5229         0.6915       0.0702       0.1992       0.3055      
49       0.5288         0.6814       0.0655       0.1879       0.2941      
50       0.5248         0.6928       0.0721       0.1879       0.2865      
51       0.5162         0.6970       0.0674       0.1774       0.2941      
52       0.5204         0.6906       0.0721       0.2078       0.3169      
53       0.5276         0.6792       0.0645       0.1841       0.2970      
54       0.5146         0.7039       0.0655       0.1879       0.3036      
55       0.5240         0.6873       0.0664       0.2040       0.3055      
56       0.5164         0.6880       0.0778       0.2030       0.3188      
57       0.5182         0.6941       0.0588       0.1860       0.3065      
58       0.5211         0.7130       0.0645       0.1945       0.3102      
59       0.5147         0.7087       0.0740       0.2144       0.3216      
60       0.5227         0.6950       0.0588       0.1973       0.3140      
61       0.5170         0.7123       0.0693       0.2078       0.3169      
62       0.5117         0.7028       0.0655       0.1983       0.3292      
63       0.5156         0.7022       0.0693       0.1917       0.3027      
64       0.5107         0.6989       0.0636       0.2021       0.3188      
65       0.5093         0.6880       0.0740       0.2030       0.3178      
66       0.5183         0.7198       0.0778       0.2116       0.3292      
67       0.5198         0.7164       0.0740       0.2049       0.3093      
68       0.5073         0.7090       0.0740       0.2087       0.3216      
69       0.5081         0.6940       0.0683       0.2059       0.3216      
70       0.5195         0.6987       0.0702       0.2182       0.3292      
71       0.4997         0.7162       0.0750       0.2324       0.3501      
72       0.5003         0.7092       0.0750       0.2116       0.3330      
73       0.4962         0.7385       0.0797       0.2239       0.3425      
74       0.5047         0.7243       0.0778       0.2154       0.3425      
75       0.5134         0.7172       0.0721       0.2230       0.3368      
76       0.5076         0.7196       0.0882       0.2343       0.3425      
77       0.5108         0.7365       0.0693       0.2106       0.3397      
78       0.5093         0.7313       0.0787       0.2287       0.3454      
79       0.5126         0.7281       0.0825       0.2182       0.3378      
80       0.5039         0.7413       0.0825       0.2239       0.3567      
81       0.5033         0.7356       0.0702       0.2116       0.3510      
82       0.5007         0.7254       0.0797       0.2106       0.3520      
83       0.5062         0.7436       0.0844       0.2239       0.3520      
84       0.5048         0.7300       0.0787       0.2287       0.3615      
85       0.4970         0.7447       0.0797       0.2258       0.3491      
86       0.4972         0.7299       0.0863       0.2287       0.3482      
87       0.4890         0.7375       0.0816       0.2258       0.3349      
88       0.4939         0.7446       0.0816       0.2249       0.3558      
89       0.4986         0.7426       0.0920       0.2296       0.3558      
90       0.4923         0.7427       0.0930       0.2362       0.3482      
91       0.4994         0.7472       0.0759       0.2391       0.3529      
92       0.4901         0.7272       0.0835       0.2230       0.3378      
93       0.5008         0.7336       0.0835       0.2211       0.3558      
94       0.5025         0.7276       0.0825       0.2068       0.3311      
95       0.4984         0.7167       0.0787       0.2211       0.3472      
96       0.4974         0.7366       0.0882       0.2334       0.3577      
97       0.5054         0.7443       0.0854       0.2239       0.3463      
98       0.5036         0.7380       0.0731       0.2239       0.3738      
99       0.4970         0.7557       0.0977       0.2524       0.3748      
100      0.4940         0.7416       0.0844       0.2391       0.3710      

Best Validation Metrics Summary
============================================================
R-GIN + DistMult: AUC=0.7122 | H@1=0.0977 | H@5=0.3235 | H@10=0.4753 (epoch 367)
R-GIN + DotProduct: AUC=0.7557 | H@1=0.0977 | H@5=0.2524 | H@10=0.3748 (epoch 99)
